scores(1): [ 0.10467713  0.26023458 -1.03937154  1.20613085  0.16673553  0.26023458
  0.26023458  1.20613085 -1.03937154  1.20613085  1.20613085]

z(1):  [ 0.10479835  0.26015575 -1.03949423  1.20615188  0.16661355  0.26015575
  0.26015575  1.20615188 -1.03949423  1.20615188  1.20615188]

scores(2): [ 1.51654043  0.25954923  0.25954923 -1.12920814 -1.43339694 -1.12920814
 -1.09428521 -1.12920814 -1.09428521 -1.43339694 -1.43339694]

z(2): [ 1.51654043  0.25954923  0.25954923 -1.12920814 -1.43339694 -1.12920814
 -1.09428521 -1.12920814 -1.09428521 -1.43339694 -1.43339694]

s(2): [0.82002848 0.43547452 0.43547452 0.75571107 0.80743005 0.75571107
 0.7491878  0.75571107 0.7491878  0.80743005 0.80743005]

s_scores[0] 0.8200284765616599
s_sigmoid_neg_score_ks : [0.43547452 0.43547452 0.75569273 0.80743005 0.75569273 0.7491878
 0.75569273 0.7491878  0.80743005 0.80743005]

outsideWordIdx:  1
negSampleWordIndices:  [3, 3, 0, 4, 0, 2, 0, 2, 4, 4]